0,475
0,474
0,473
0,472
0,471
88,3
88,2
88,1
88,0
87,4
87,3
87,2
0,470
87,1
87,0
86,4
86,3
86,2
86,1
86,0
0,469
85,4
85,3
85,2
0,468
85,1
85,0
0,467
0,466
0,465
0,464
0,463
84,4
84,3
84,2
0,462
84,1
84,0
0,461
0,460
0,459
83,4
83,3
83,2
0,458
83,1
83,0
0,457
82,3
82,2
82,1
82,0
81,3
81,2
81,1
81,0
80,3
80,2
80,1
80,0
79,4
79,3
79,2
79,1
79,0
78,4
78,3
78,2
78,1
78,0
77,4
77,3
77,2
77,1
77,0
0,456
76,4
76,3
76,2
0,455
76,1
76,0
0,454
0,453
0,452
75,4
75,3
75,2
0,451
75,1
75,0
0,450
0,449
74,3
74,2
0,448
74,1
74,0
0,447
0,446
73,3
73,2
0,445
73,1
73,0
0,444
0,443
0,442
0,441
0,440
0,439
0,438
0,437
0,436
0,435
0,434
0,433
0,432
0,431
0,430
0,429
0,428
0,427
72,5
72,4
72,3
72,2
0,426
72,1
72,0
0,425
0,424
0,423
71,3
